playback_speed=1.0
0.0 tempo=72
0.0 22
0.5 ~22
0.5 29
1.0 ~29
1.0 37
1.5 ~37
1.5 29
2.0 ~29
2.0 37
2.5 ~37
2.5 29
3.0 ~29
3.0 37
3.5 ~37
3.5 29
3.75 58
4.0 ~58
4.0 58
4.0 ~29
4.0 22
4.25 ~58
4.25 60
4.5 ~60
4.5 60
4.5 ~22
4.5 29
4.75 ~60
4.75 61
5.0 ~61
5.0 61
5.0 ~29
5.0 37
5.25 ~61
5.25 60
5.5 ~60
5.5 60
5.5 ~37
5.5 29
5.75 ~60
5.75 58
6.0 ~58
6.0 58
6.0 ~29
6.0 37
6.25 ~58
6.25 53
6.5 ~53
6.5 53
6.5 ~37
6.5 29
6.75 ~53
6.75 49
7.0 ~49
7.0 49
7.0 ~29
7.0 37
7.25 ~49
7.25 46
7.5 ~46
7.5 46
7.5 ~37
7.5 29
7.75 ~46
7.75 56
8.0 ~56
8.0 56
8.0 ~29
8.0 30
8.25 ~56
8.25 54
8.5 ~54
8.5 54
8.5 ~30
8.5 34
8.75 ~54
8.75 53
9.0 ~53
9.0 54
9.0 ~34
9.0 42
9.25 ~54
9.25 56
9.5 ~56
9.5 54
9.5 ~42
9.5 34
10.0 ~34
10.0 42
10.5 ~42
10.5 34
11.0 ~54
11.0 ~34
11.0 20
11.25 54
11.5 ~54
11.5 54
11.5 ~20
11.5 27
11.75 ~54
11.75 56
12.0 ~56
12.0 56
12.0 ~27
12.0 36
12.25 ~56
12.25 58
12.5 ~58
12.5 58
12.5 ~36
12.5 27
12.75 ~58
12.75 60
13.0 ~60
13.0 60
13.0 ~27
13.0 36
13.25 ~60
13.25 56
13.5 ~56
13.5 56
13.5 ~36
13.5 27
13.75 ~56
13.75 51
14.0 ~51
14.0 51
14.0 ~27
14.0 36
14.25 ~51
14.25 54
14.5 ~54
14.5 54
14.5 ~36
14.5 25
14.75 ~54
14.75 53
15.0 ~53
15.0 53
15.0 ~25
15.0 32
15.25 ~53
15.25 51
15.5 ~51
15.5 51
15.5 ~32
15.5 41
15.75 ~51
15.75 54
16.0 tempo=54
16.0 ~54
16.0 53
16.0 ~41
16.0 29
16.5 65
16.5 45
16.625 ~65
16.625 77
17.5 tempo=72
17.5 ~77
17.5 ~53
17.5 53
17.5 ~45
17.5 ~29
17.5 22
18.0 ~53
18.0 46
18.0 ~22
18.0 29
18.25 ~46
18.25 49
18.5 ~49
18.5 53
18.5 ~29
18.5 37
18.75 ~53
18.75 51
19.0 ~51
19.0 53
19.0 ~37
19.0 29
19.5 ~53
19.5 46
19.5 ~29
19.5 37
19.75 ~46
19.75 49
20.0 ~49
20.0 53
20.0 ~37
20.0 29
20.25 ~53
20.25 51
20.5 ~51
20.5 53
20.5 ~29
20.5 22
21.0 ~53
21.0 46
21.0 ~22
21.0 29
21.25 ~46
21.25 49
21.5 ~49
21.5 54
21.5 ~29
21.5 37
21.75 ~54
21.75 53
22.0 ~53
22.0 54
22.0 ~37
22.0 27
22.5 ~54
22.5 46
22.5 ~27
22.5 34
22.75 ~46
22.75 49
23.0 ~49
23.0 54
23.0 ~34
23.0 42
23.25 ~54
23.25 53
23.5 ~53
23.5 54
23.5 ~42
23.5 34
24.0 ~54
24.0 54
24.0 ~34
24.0 42
24.25 ~54
24.25 53
24.5 ~53
24.5 54
24.5 ~42
24.5 34
24.75 ~54
24.75 55
25.0 ~55
25.0 56
25.0 ~34
25.0 20
25.5 ~56
25.5 56
25.5 ~20
25.5 27
25.75 ~56
25.75 58
26.0 ~58
26.0 56
26.0 ~27
26.0 36
26.25 ~56
26.25 58
26.5 ~58
26.5 53
26.5 ~36
26.5 25
27.0 ~25
27.0 37
27.5 ~37
27.5 24
27.5 36
28.0 tempo=72
28.0 ~53
28.0 65
28.0 ~36
28.0 ~24
28.0 22
28.0 37
28.5 ~65
28.5 58
28.5 ~37
28.5 ~22
28.5 29
28.75 ~58
28.75 61
29.0 ~61
29.0 65
29.0 ~29
29.0 37
29.25 ~65
29.25 63
29.5 ~63
29.5 65
29.5 ~37
29.5 29
30.0 ~65
30.0 58
30.0 ~29
30.0 37
30.25 ~58
30.25 61
30.5 ~61
30.5 65
30.5 ~37
30.5 29
30.75 ~65
30.75 63
31.0 ~63
31.0 65
31.0 ~29
31.0 22
31.5 ~65
31.5 58
31.5 ~22
31.5 29
31.75 ~58
31.75 61
32.0 ~61
32.0 66
32.0 ~29
32.0 37
32.25 ~66
32.25 65
32.5 ~65
32.5 66
32.5 ~37
32.5 27
33.0 ~66
33.0 58
33.0 ~27
33.0 34
33.25 ~58
33.25 61
33.5 ~61
33.5 66
33.5 ~34
33.5 42
33.75 ~66
33.75 65
34.0 ~65
34.0 66
34.0 ~42
34.0 34
34.5 ~66
34.5 66
34.5 ~34
34.5 42
34.75 ~66
34.75 65
35.0 ~65
35.0 66
35.0 ~42
35.0 34
35.25 ~66
35.25 67
35.5 ~67
35.5 68
35.5 ~34
35.5 20
36.0 ~68
36.0 68
36.0 ~20
36.0 27
36.25 ~68
36.25 70
36.5 ~70
36.5 68
36.5 ~27
36.5 36
36.75 ~68
36.75 70
37.0 ~70
37.0 65
37.0 ~36
37.0 25
37.5 ~25
37.5 37
37.5 25
38.0 ~25
38.0 ~37
38.0 36
38.0 24
38.5 ~65
38.5 61
38.5 ~24
38.5 ~36
38.5 22
38.5 34
39.0 ~34
39.0 ~22
39.0 29
39.25 ~61
39.25 53
39.5 ~53
39.5 53
39.5 ~29
39.5 37
39.75 ~53
39.75 54
40.0 ~54
40.0 54
40.0 ~37
40.0 27
40.5 ~27
40.5 34
40.75 ~54
40.75 51
41.0 ~51
41.0 51
41.0 ~34
41.0 42
41.25 ~51
41.25 60
41.5 ~60
41.5 60
41.5 ~42
41.5 20
42.0 ~20
42.0 27
42.25 ~60
42.25 51
42.5 ~51
42.5 51
42.5 ~27
42.5 36
42.75 ~51
42.75 53
43.0 ~53
43.0 53
43.0 ~36
43.0 25
43.5 ~53
43.5 49
43.5 ~25
43.5 37
43.75 ~49
43.75 49
44.0 ~49
44.0 58
44.0 ~37
44.0 24
44.0 36
44.25 ~58
44.25 56
44.5 ~56
44.5 58
44.5 ~36
44.5 ~24
44.5 22
45.0 ~22
45.0 29
45.25 ~58
45.25 49
45.5 tempo=72
45.5 ~49
45.5 49
45.5 ~29
45.5 37
45.75 ~49
45.75 51
46.0 ~51
46.0 51
46.0 ~37
46.0 24
46.5 ~24
46.5 30
46.75 ~51
46.75 48
47.0 ~48
47.0 53
47.0 ~30
47.0 39
47.25 ~53
47.25 51
47.5 ~51
47.5 53
47.5 ~39
47.5 29
48.0 ~29
48.0 19
48.0 31
48.5 ~31
48.5 ~19
48.5 33
48.5 21
49.0 ~53
49.0 61
49.0 ~21
49.0 ~33
49.0 22
49.0 34
49.5 ~34
49.5 ~22
49.5 29
49.75 ~61
49.75 61
50.0 ~61
50.0 61
50.0 ~29
50.0 37
50.25 ~61
50.25 63
50.5 ~63
50.5 63
50.5 ~37
50.5 27
51.0 ~27
51.0 34
51.25 ~63
51.25 61
51.5 ~61
51.5 60
51.5 ~34
51.5 42
51.75 ~60
51.75 58
52.0 ~58
52.0 56
52.0 ~42
52.0 20
52.5 ~20
52.5 27
52.75 ~56
52.75 56
53.0 ~56
53.0 58
53.0 ~27
53.0 36
53.25 ~58
53.25 56
53.5 ~56
53.5 53
53.5 ~36
53.5 25
54.0 ~25
54.0 37
54.5 ~37
54.5 24
54.5 36
55.0 ~53
55.0 61
55.0 ~36
55.0 ~24
55.0 22
55.0 34
55.5 ~61
55.5 61
55.5 ~34
55.5 ~22
55.5 29
55.75 ~61
55.75 61
56.0 ~61
56.0 61
56.0 ~29
56.0 37
56.25 ~61
56.25 63
56.5 ~63
56.5 63
56.5 ~37
56.5 27
57.0 ~27
57.0 34
57.25 ~63
57.25 61
57.5 ~61
57.5 60
57.5 ~34
57.5 42
57.75 ~60
57.75 58
58.0 ~58
58.0 56
58.0 ~42
58.0 20
58.5 ~20
58.5 27
58.75 ~56
58.75 56
59.0 ~56
59.0 58
59.0 ~27
59.0 36
59.25 ~58
59.25 56
59.5 ~56
59.5 58
59.5 ~36
59.5 22
60.0 ~22
60.0 29
60.5 ~29
60.5 37
61.0 ~58
61.0 73
61.0 61
61.0 ~37
61.0 34
61.5 ~61
61.5 ~73
61.5 73
61.5 61
61.5 ~34
61.5 41
61.75 ~61
61.75 ~73
61.75 73
61.75 61
62.0 ~61
62.0 ~73
62.0 73
62.0 61
62.0 ~41
62.0 49
62.25 ~61
62.25 ~73
62.25 75
62.25 63
62.5 ~63
62.5 ~75
62.5 75
62.5 63
62.5 ~49
62.5 39
63.0 ~39
63.0 46
63.25 ~63
63.25 ~75
63.25 73
63.25 61
63.5 ~61
63.5 ~73
63.5 72
63.5 60
63.5 ~46
63.5 54
63.75 ~60
63.75 ~72
63.75 70
63.75 58
64.0 ~58
64.0 ~70
64.0 68
64.0 56
64.0 ~54
64.0 32
64.5 ~32
64.5 39
64.75 ~56
64.75 ~68
64.75 68
64.75 56
65.0 ~56
65.0 ~68
65.0 70
65.0 58
65.0 ~39
65.0 48
65.25 ~58
65.25 ~70
65.25 68
65.25 56
65.5 ~56
65.5 ~68
65.5 65
65.5 53
65.5 ~48
65.5 37
66.0 ~37
66.0 49
66.5 ~49
66.5 36
66.5 48
67.0 ~53
67.0 ~65
67.0 73
67.0 61
67.0 ~48
67.0 ~36
67.0 34
67.0 46
67.5 ~61
67.5 ~73
67.5 73
67.5 61
67.5 ~46
67.5 ~34
67.5 41
67.75 ~61
67.75 ~73
67.75 73
67.75 61
68.0 ~61
68.0 ~73
68.0 73
68.0 61
68.0 ~41
68.0 49
68.25 ~61
68.25 ~73
68.25 75
68.25 63
68.5 ~63
68.5 ~75
68.5 75
68.5 63
68.5 ~49
68.5 39
69.0 ~39
69.0 46
69.25 ~63
69.25 ~75
69.25 73
69.25 61
69.5 ~61
69.5 ~73
69.5 72
69.5 60
69.5 ~46
69.5 54
69.75 ~60
69.75 ~72
69.75 70
69.75 58
70.0 ~58
70.0 ~70
70.0 68
70.0 56
70.0 ~54
70.0 32
70.5 ~32
70.5 39
70.75 ~56
70.75 ~68
70.75 68
70.75 56
71.0 ~56
71.0 ~68
71.0 70
71.0 58
71.0 ~39
71.0 48
71.25 ~58
71.25 ~70
71.25 68
71.25 56
71.5 ~56
71.5 ~68
71.5 70
71.5 58
71.5 ~48
71.5 34
72.0 ~34
72.0 41
72.5 ~41
72.5 49
73.0 ~49
73.0 53
73.5 ~53
73.5 58
74.0 ~58
74.0 61
74.5 ~58
74.5 ~70
74.5 53
74.5 ~61
74.5 22
75.0 ~53
75.0 46
75.0 ~22
75.0 29
75.25 ~46
75.25 49
75.5 ~49
75.5 53
75.5 ~29
75.5 37
75.75 ~53
75.75 51
76.0 ~51
76.0 53
76.0 ~37
76.0 29
76.5 ~53
76.5 46
76.5 ~29
76.5 37
76.75 ~46
76.75 49
77.0 ~49
77.0 53
77.0 ~37
77.0 29
77.25 ~53
77.25 51
77.5 ~51
77.5 53
77.5 ~29
77.5 22
78.0 ~53
78.0 46
78.0 ~22
78.0 29
78.25 ~46
78.25 49
78.5 ~49
78.5 54
78.5 ~29
78.5 37
78.75 ~54
78.75 53
79.0 ~53
79.0 54
79.0 ~37
79.0 27
79.5 ~54
79.5 46
79.5 ~27
79.5 34
79.75 ~46
79.75 49
80.0 ~49
80.0 54
80.0 ~34
80.0 42
80.25 ~54
80.25 53
80.5 ~53
80.5 54
80.5 ~42
80.5 34
81.0 ~54
81.0 54
81.0 ~34
81.0 42
81.25 ~54
81.25 53
81.5 ~53
81.5 54
81.5 ~42
81.5 34
81.75 ~54
81.75 55
82.0 ~55
82.0 56
82.0 ~34
82.0 20
82.5 ~56
82.5 56
82.5 ~20
82.5 27
82.75 ~56
82.75 58
83.0 ~58
83.0 56
83.0 ~27
83.0 36
83.25 ~56
83.25 58
83.5 ~58
83.5 53
83.5 ~36
83.5 25
84.0 ~25
84.0 37
84.5 ~37
84.5 24
84.5 36
85.0 ~53
85.0 65
85.0 ~36
85.0 ~24
85.0 22
85.0 37
85.5 ~65
85.5 58
85.5 ~37
85.5 ~22
85.5 29
85.75 ~58
85.75 61
86.0 ~61
86.0 65
86.0 ~29
86.0 37
86.25 ~65
86.25 63
86.5 ~63
86.5 65
86.5 ~37
86.5 29
87.0 ~65
87.0 58
87.0 ~29
87.0 37
87.25 ~58
87.25 61
87.5 ~61
87.5 65
87.5 ~37
87.5 29
87.75 ~65
87.75 63
88.0 ~63
88.0 65
88.0 ~29
88.0 22
88.5 ~65
88.5 58
88.5 ~22
88.5 29
88.75 ~58
88.75 61
89.0 ~61
89.0 66
89.0 ~29
89.0 37
89.25 ~66
89.25 65
89.5 ~65
89.5 66
89.5 ~37
89.5 27
90.0 ~66
90.0 58
90.0 ~27
90.0 34
90.25 ~58
90.25 61
90.5 ~61
90.5 66
90.5 ~34
90.5 42
90.75 ~66
90.75 65
91.0 ~65
91.0 66
91.0 ~42
91.0 34
91.5 ~66
91.5 66
91.5 ~34
91.5 42
91.75 ~66
91.75 65
92.0 ~65
92.0 66
92.0 ~42
92.0 34
92.25 ~66
92.25 67
92.5 ~67
92.5 68
92.5 ~34
92.5 20
93.0 ~68
93.0 68
93.0 ~20
93.0 27
93.25 ~68
93.25 70
93.5 ~70
93.5 68
93.5 ~27
93.5 36
93.75 ~68
93.75 70
94.0 ~70
94.0 65
94.0 ~36
94.0 25
94.5 ~25
94.5 37
94.5 25
95.0 ~25
95.0 ~37
95.0 36
95.0 24
95.5 ~65
95.5 61
95.5 ~24
95.5 ~36
95.5 22
95.5 34
96.0 ~34
96.0 ~22
96.0 29
96.25 ~61
96.25 61
96.5 ~61
96.5 61
96.5 ~29
96.5 37
96.75 ~61
96.75 63
97.0 ~63
97.0 63
97.0 ~37
97.0 27
97.5 ~27
97.5 34
97.75 ~63
97.75 61
98.0 ~61
98.0 60
98.0 ~34
98.0 42
98.25 ~60
98.25 58
98.5 ~58
98.5 56
98.5 ~42
98.5 20
99.0 ~20
99.0 27
99.25 ~56
99.25 56
99.5 ~56
99.5 58
99.5 ~27
99.5 36
99.75 ~58
99.75 56
100.0 ~56
100.0 53
100.0 ~36
100.0 25
100.5 ~25
100.5 37
101.0 ~37
101.0 24
101.0 36
101.5 ~53
101.5 61
101.5 ~36
101.5 ~24
101.5 22
101.5 34
102.0 ~61
102.0 61
102.0 ~34
102.0 ~22
102.0 29
102.25 ~61
102.25 61
102.5 ~61
102.5 61
102.5 ~29
102.5 37
102.75 ~61
102.75 63
103.0 ~63
103.0 63
103.0 ~37
103.0 27
103.5 ~27
103.5 34
103.75 ~63
103.75 61
104.0 ~61
104.0 60
104.0 ~34
104.0 42
104.25 ~60
104.25 58
104.5 ~58
104.5 56
104.5 ~42
104.5 20
105.0 ~20
105.0 27
105.25 ~56
105.25 56
105.5 ~56
105.5 58
105.5 ~27
105.5 36
105.75 ~58
105.75 56
106.0 ~56
106.0 58
106.0 ~36
106.0 22
106.5 ~22
106.5 29
107.0 ~29
107.0 37
107.5 ~58
107.5 73
107.5 61
107.5 ~37
107.5 34
108.0 ~61
108.0 ~73
108.0 73
108.0 61
108.0 ~34
108.0 41
108.25 ~61
108.25 ~73
108.25 73
108.25 61
108.5 ~61
108.5 ~73
108.5 73
108.5 61
108.5 ~41
108.5 49
108.75 ~61
108.75 ~73
108.75 75
108.75 63
109.0 ~63
109.0 ~75
109.0 75
109.0 63
109.0 ~49
109.0 39
109.5 ~39
109.5 46
109.75 ~63
109.75 ~75
109.75 73
109.75 61
110.0 ~61
110.0 ~73
110.0 72
110.0 60
110.0 ~46
110.0 54
110.25 ~60
110.25 ~72
110.25 70
110.25 58
110.5 ~58
110.5 ~70
110.5 68
110.5 56
110.5 ~54
110.5 32
111.0 ~32
111.0 39
111.25 ~56
111.25 ~68
111.25 68
111.25 56
111.5 ~56
111.5 ~68
111.5 70
111.5 58
111.5 ~39
111.5 48
111.75 ~58
111.75 ~70
111.75 68
111.75 56
112.0 ~56
112.0 ~68
112.0 65
112.0 53
112.0 ~48
112.0 37
112.5 ~37
112.5 49
113.0 ~49
113.0 36
113.0 48
113.5 ~53
113.5 ~65
113.5 73
113.5 61
113.5 ~48
113.5 ~36
113.5 34
113.5 46
114.0 ~61
114.0 ~73
114.0 73
114.0 61
114.0 ~46
114.0 ~34
114.0 41
114.25 ~61
114.25 ~73
114.25 73
114.25 61
114.5 ~61
114.5 ~73
114.5 73
114.5 61
114.5 ~41
114.5 49
114.75 ~61
114.75 ~73
114.75 75
114.75 63
115.0 ~63
115.0 ~75
115.0 75
115.0 63
115.0 ~49
115.0 39
115.5 ~39
115.5 46
115.75 ~63
115.75 ~75
115.75 73
115.75 61
116.0 ~61
116.0 ~73
116.0 72
116.0 60
116.0 ~46
116.0 54
116.25 ~60
116.25 ~72
116.25 70
116.25 58
116.5 ~58
116.5 ~70
116.5 68
116.5 56
116.5 ~54
116.5 32
117.0 ~32
117.0 39
117.25 ~56
117.25 ~68
117.25 68
117.25 56
117.5 ~56
117.5 ~68
117.5 70
117.5 58
117.5 ~39
117.5 48
117.75 ~58
117.75 ~70
117.75 68
117.75 56
118.0 ~56
118.0 ~68
118.0 58
118.0 70
118.0 ~48
118.0 34
118.5 ~34
118.5 41
119.0 ~41
119.0 49
119.5 ~49
119.5 53
120.0 ~53
120.0 58
120.5 ~70
120.5 ~58
120.5 58
120.5 ~58
120.5 61
120.75 ~58
121.0 tempo=72
121.0 58
121.0 ~61
121.0 22
121.25 ~58
121.25 60
121.5 ~60
121.5 60
121.5 ~22
121.5 29
121.75 ~60
121.75 61
122.0 ~61
122.0 61
122.0 ~29
122.0 37
122.25 ~61
122.25 60
122.5 ~60
122.5 60
122.5 ~37
122.5 29
122.75 ~60
122.75 58
123.0 ~58
123.0 58
123.0 ~29
123.0 37
123.25 ~58
123.25 53
123.5 ~53
123.5 53
123.5 ~37
123.5 29
123.75 ~53
123.75 49
124.0 ~49
124.0 49
124.0 ~29
124.0 37
124.25 ~49
124.25 46
124.5 ~46
124.5 46
124.5 ~37
124.5 29
124.75 ~46
124.75 56
125.0 ~56
125.0 56
125.0 ~29
125.0 30
125.25 ~56
125.25 54
125.5 ~54
125.5 54
125.5 ~30
125.5 34
125.75 ~54
125.75 53
126.0 ~53
126.0 54
126.0 ~34
126.0 42
126.25 ~54
126.25 56
126.5 ~56
126.5 54
126.5 ~42
126.5 34
127.0 ~34
127.0 42
127.5 ~42
127.5 34
128.0 ~54
128.0 ~34
128.0 20
128.25 54
128.5 ~54
128.5 54
128.5 ~20
128.5 27
128.75 ~54
128.75 56
129.0 ~56
129.0 56
129.0 ~27
129.0 36
129.25 ~56
129.25 58
129.5 ~58
129.5 58
129.5 ~36
129.5 27
129.75 ~58
129.75 60
130.0 ~60
130.0 60
130.0 ~27
130.0 36
130.25 ~60
130.25 56
130.5 ~56
130.5 56
130.5 ~36
130.5 27
130.75 ~56
130.75 51
131.0 ~51
131.0 51
131.0 ~27
131.0 36
131.25 ~51
131.25 54
131.5 ~54
131.5 54
131.5 ~36
131.5 25
131.75 ~54
131.75 53
132.0 ~53
132.0 53
132.0 ~25
132.0 32
132.25 ~53
132.25 51
132.5 ~51
132.5 51
132.5 ~32
132.5 41
132.75 ~51
132.75 54
133.0 tempo=54
133.0 ~54
133.0 53
133.0 ~41
133.0 29
133.5 65
133.5 45
133.625 ~65
133.625 77
134.5 tempo=72
134.5 ~77
134.5 ~53
134.5 53
134.5 ~45
134.5 ~29
134.5 22
135.0 ~53
135.0 46
135.0 ~22
135.0 29
135.25 ~46
135.25 49
135.5 ~49
135.5 53
135.5 ~29
135.5 37
135.75 ~53
135.75 51
136.0 ~51
136.0 53
136.0 ~37
136.0 29
136.5 ~53
136.5 46
136.5 ~29
136.5 37
136.75 ~46
136.75 49
137.0 ~49
137.0 53
137.0 ~37
137.0 29
137.25 ~53
137.25 51
137.5 ~51
137.5 53
137.5 ~29
137.5 22
138.0 ~53
138.0 46
138.0 ~22
138.0 29
138.25 ~46
138.25 49
138.5 ~49
138.5 54
138.5 ~29
138.5 37
138.75 ~54
138.75 53
139.0 ~53
139.0 54
139.0 ~37
139.0 27
139.5 ~54
139.5 46
139.5 ~27
139.5 34
139.75 ~46
139.75 49
140.0 ~49
140.0 54
140.0 ~34
140.0 42
140.25 ~54
140.25 53
140.5 ~53
140.5 54
140.5 ~42
140.5 34
141.0 ~54
141.0 54
141.0 ~34
141.0 42
141.25 ~54
141.25 53
141.5 ~53
141.5 54
141.5 ~42
141.5 34
141.75 ~54
141.75 55
142.0 ~55
142.0 56
142.0 ~34
142.0 20
142.5 ~56
142.5 56
142.5 ~20
142.5 27
142.75 ~56
142.75 58
143.0 ~58
143.0 56
143.0 ~27
143.0 36
143.25 ~56
143.25 58
143.5 ~58
143.5 53
143.5 ~36
143.5 25
144.0 ~25
144.0 37
144.5 ~37
144.5 24
144.5 36
145.0 tempo=72
145.0 ~53
145.0 65
145.0 ~36
145.0 ~24
145.0 22
145.0 37
145.5 ~65
145.5 58
145.5 ~37
145.5 ~22
145.5 29
145.75 ~58
145.75 61
146.0 ~61
146.0 65
146.0 ~29
146.0 37
146.25 ~65
146.25 63
146.5 ~63
146.5 65
146.5 ~37
146.5 29
147.0 ~65
147.0 58
147.0 ~29
147.0 37
147.25 ~58
147.25 61
147.5 ~61
147.5 65
147.5 ~37
147.5 29
147.75 ~65
147.75 63
148.0 ~63
148.0 65
148.0 ~29
148.0 22
148.5 ~65
148.5 58
148.5 ~22
148.5 29
148.75 ~58
148.75 61
149.0 ~61
149.0 66
149.0 ~29
149.0 37
149.25 ~66
149.25 65
149.5 ~65
149.5 66
149.5 ~37
149.5 27
150.0 ~66
150.0 58
150.0 ~27
150.0 34
150.25 ~58
150.25 61
150.5 ~61
150.5 66
150.5 ~34
150.5 42
150.75 ~66
150.75 65
151.0 ~65
151.0 66
151.0 ~42
151.0 34
151.5 ~66
151.5 66
151.5 ~34
151.5 42
151.75 ~66
151.75 65
152.0 ~65
152.0 66
152.0 ~42
152.0 34
152.25 ~66
152.25 67
152.5 ~67
152.5 68
152.5 ~34
152.5 20
153.0 ~68
153.0 68
153.0 ~20
153.0 27
153.25 ~68
153.25 70
153.5 ~70
153.5 68
153.5 ~27
153.5 36
153.75 ~68
153.75 70
154.0 ~70
154.0 65
154.0 ~36
154.0 25
154.5 ~25
154.5 37
154.5 25
155.0 ~25
155.0 ~37
155.0 36
155.0 24
155.5 ~65
155.5 61
155.5 ~24
155.5 ~36
155.5 22
155.5 34
156.0 ~34
156.0 ~22
156.0 29
156.25 ~61
156.25 53
156.5 ~53
156.5 53
156.5 ~29
156.5 37
156.75 ~53
156.75 54
157.0 ~54
157.0 54
157.0 ~37
157.0 27
157.5 ~27
157.5 34
157.75 ~54
157.75 51
158.0 ~51
158.0 51
158.0 ~34
158.0 42
158.25 ~51
158.25 60
158.5 ~60
158.5 60
158.5 ~42
158.5 20
159.0 ~20
159.0 27
159.25 ~60
159.25 51
159.5 ~51
159.5 51
159.5 ~27
159.5 36
159.75 ~51
159.75 53
160.0 ~53
160.0 53
160.0 ~36
160.0 25
160.5 ~53
160.5 49
160.5 ~25
160.5 37
160.75 ~49
160.75 49
161.0 ~49
161.0 58
161.0 ~37
161.0 24
161.0 36
161.25 ~58
161.25 56
161.5 ~56
161.5 58
161.5 ~36
161.5 ~24
161.5 22
162.0 ~22
162.0 29
162.25 ~58
162.25 49
162.5 tempo=72
162.5 ~49
162.5 49
162.5 ~29
162.5 37
162.75 ~49
162.75 51
163.0 ~51
163.0 51
163.0 ~37
163.0 24
163.5 ~24
163.5 30
163.75 ~51
163.75 48
164.0 ~48
164.0 53
164.0 ~30
164.0 39
164.25 ~53
164.25 51
164.5 ~51
164.5 53
164.5 ~39
164.5 29
165.0 ~29
165.0 19
165.0 31
165.5 ~31
165.5 ~19
165.5 33
165.5 21
166.0 ~53
166.0 61
166.0 ~21
166.0 ~33
166.0 22
166.0 34
166.5 ~61
166.5 61
166.5 ~34
166.5 ~22
166.5 29
166.75 ~61
166.75 61
167.0 ~61
167.0 61
167.0 ~29
167.0 37
167.25 ~61
167.25 63
167.5 ~63
167.5 63
167.5 ~37
167.5 27
168.0 ~27
168.0 34
168.25 ~63
168.25 61
168.5 ~61
168.5 60
168.5 ~34
168.5 42
168.75 ~60
168.75 58
169.0 ~58
169.0 56
169.0 ~42
169.0 20
169.5 ~20
169.5 27
169.75 ~56
169.75 56
170.0 ~56
170.0 58
170.0 ~27
170.0 36
170.25 ~58
170.25 56
170.5 ~56
170.5 53
170.5 ~36
170.5 25
171.0 ~25
171.0 37
171.5 ~37
171.5 24
171.5 36
172.0 ~53
172.0 61
172.0 ~36
172.0 ~24
172.0 22
172.0 34
172.5 ~61
172.5 61
172.5 ~34
172.5 ~22
172.5 29
172.75 ~61
172.75 61
173.0 ~61
173.0 61
173.0 ~29
173.0 37
173.25 ~61
173.25 63
173.5 ~63
173.5 63
173.5 ~37
173.5 27
174.0 ~27
174.0 34
174.25 ~63
174.25 61
174.5 ~61
174.5 60
174.5 ~34
174.5 42
174.75 ~60
174.75 58
175.0 ~58
175.0 56
175.0 ~42
175.0 20
175.5 ~20
175.5 27
175.75 ~56
175.75 56
176.0 ~56
176.0 58
176.0 ~27
176.0 36
176.25 ~58
176.25 56
176.5 ~56
176.5 58
176.5 ~36
176.5 22
177.0 ~22
177.0 29
177.5 ~29
177.5 37
178.0 ~58
178.0 61
178.0 73
178.0 ~37
178.0 34
178.5 ~73
178.5 ~61
178.5 61
178.5 73
178.5 ~34
178.5 41
178.75 ~73
178.75 ~61
178.75 61
178.75 73
179.0 ~73
179.0 ~61
179.0 61
179.0 73
179.0 ~41
179.0 49
179.25 ~73
179.25 ~61
179.25 63
179.25 75
179.5 ~75
179.5 ~63
179.5 63
179.5 75
179.5 ~49
179.5 39
180.0 ~39
180.0 46
180.25 ~75
180.25 ~63
180.25 61
180.25 73
180.5 ~73
180.5 ~61
180.5 60
180.5 72
180.5 ~46
180.5 54
180.75 ~72
180.75 ~60
180.75 58
180.75 70
181.0 ~70
181.0 ~58
181.0 56
181.0 68
181.0 ~54
181.0 32
181.5 ~32
181.5 39
181.75 ~68
181.75 ~56
181.75 56
181.75 68
182.0 ~68
182.0 ~56
182.0 58
182.0 70
182.0 ~39
182.0 48
182.25 ~70
182.25 ~58
182.25 56
182.25 68
182.5 ~68
182.5 ~56
182.5 53
182.5 65
182.5 ~48
182.5 37
183.0 ~37
183.0 49
183.5 ~49
183.5 36
183.5 48
184.0 ~65
184.0 ~53
184.0 61
184.0 73
184.0 ~48
184.0 ~36
184.0 34
184.0 46
184.5 ~73
184.5 ~61
184.5 73
184.5 61
184.5 ~46
184.5 ~34
184.5 41
184.75 ~61
184.75 ~73
184.75 73
184.75 61
185.0 ~61
185.0 ~73
185.0 61
185.0 73
185.0 ~41
185.0 49
185.25 ~73
185.25 ~61
185.25 75
185.25 63
185.5 ~63
185.5 ~75
185.5 75
185.5 63
185.5 ~49
185.5 39
186.0 ~39
186.0 46
186.25 ~63
186.25 ~75
186.25 61
186.25 73
186.5 ~73
186.5 ~61
186.5 60
186.5 72
186.5 ~46
186.5 54
186.75 ~72
186.75 ~60
186.75 70
186.75 58
187.0 ~58
187.0 ~70
187.0 68
187.0 56
187.0 ~54
187.0 32
187.5 ~32
187.5 39
187.75 ~56
187.75 ~68
187.75 56
187.75 68
188.0 ~68
188.0 ~56
188.0 70
188.0 58
188.0 ~39
188.0 48
188.25 ~58
188.25 ~70
188.25 68
188.25 56
188.5 ~56
188.5 ~68
188.5 58
188.5 70
188.5 ~48
188.5 34
189.0 ~34
189.0 41
189.5 ~41
189.5 49
190.0 ~70
190.0 ~58
190.0 61
190.0 ~49
190.0 22
190.0 34
190.5 ~34
190.5 ~22
190.5 29
190.75 ~61
190.75 61
191.0 ~61
191.0 61
191.0 ~29
191.0 37
191.25 ~61
191.25 63
191.5 ~63
191.5 63
191.5 ~37
191.5 27
192.0 ~27
192.0 34
192.25 ~63
192.25 61
192.5 ~61
192.5 60
192.5 ~34
192.5 42
192.75 ~60
192.75 58
193.0 ~58
193.0 56
193.0 ~42
193.0 20
193.5 ~20
193.5 27
193.75 ~56
193.75 56
194.0 ~56
194.0 58
194.0 ~27
194.0 36
194.25 ~58
194.25 56
194.5 ~56
194.5 53
194.5 ~36
194.5 25
195.0 ~25
195.0 37
195.5 ~37
195.5 24
195.5 36
196.0 ~53
196.0 61
196.0 ~36
196.0 ~24
196.0 22
196.0 34
196.5 ~61
196.5 61
196.5 ~34
196.5 ~22
196.5 29
196.75 ~61
196.75 61
197.0 ~61
197.0 61
197.0 ~29
197.0 37
197.25 ~61
197.25 63
197.5 ~63
197.5 63
197.5 ~37
197.5 27
198.0 ~27
198.0 34
198.25 ~63
198.25 61
198.5 ~61
198.5 60
198.5 ~34
198.5 42
198.75 ~60
198.75 58
199.0 ~58
199.0 56
199.0 ~42
199.0 20
199.5 ~20
199.5 27
199.75 ~56
199.75 56
200.0 ~56
200.0 58
200.0 ~27
200.0 36
200.25 ~58
200.25 56
200.5 ~56
200.5 58
200.5 ~36
200.5 22
201.0 ~22
201.0 29
201.5 ~29
201.5 37
202.0 ~58
202.0 61
202.0 73
202.0 ~37
202.0 34
202.5 ~73
202.5 ~61
202.5 73
202.5 61
202.5 ~34
202.5 41
202.75 ~61
202.75 ~73
202.75 61
202.75 73
203.0 ~73
203.0 ~61
203.0 73
203.0 61
203.0 ~41
203.0 49
203.25 ~61
203.25 ~73
203.25 63
203.25 75
203.5 ~75
203.5 ~63
203.5 63
203.5 75
203.5 ~49
203.5 39
204.0 ~39
204.0 46
204.25 ~75
204.25 ~63
204.25 73
204.25 61
204.5 ~61
204.5 ~73
204.5 60
204.5 72
204.5 ~46
204.5 54
204.75 ~72
204.75 ~60
204.75 70
204.75 58
205.0 ~58
205.0 ~70
205.0 56
205.0 68
205.0 ~54
205.0 32
205.5 ~32
205.5 39
205.75 ~68
205.75 ~56
205.75 56
205.75 68
206.0 ~68
206.0 ~56
206.0 70
206.0 58
206.0 ~39
206.0 48
206.25 ~58
206.25 ~70
206.25 56
206.25 68
206.5 ~68
206.5 ~56
206.5 65
206.5 53
206.5 ~48
206.5 37
207.0 ~37
207.0 49
207.5 ~49
207.5 36
207.5 48
208.0 ~53
208.0 ~65
208.0 73
208.0 61
208.0 ~48
208.0 ~36
208.0 34
208.0 46
208.5 ~61
208.5 ~73
208.5 61
208.5 73
208.5 ~46
208.5 ~34
208.5 41
208.75 ~73
208.75 ~61
208.75 61
208.75 73
209.0 ~73
209.0 ~61
209.0 61
209.0 73
209.0 ~41
209.0 49
209.25 ~73
209.25 ~61
209.25 75
209.25 63
209.5 ~63
209.5 ~75
209.5 63
209.5 75
209.5 ~49
209.5 39
210.0 ~39
210.0 46
210.25 ~75
210.25 ~63
210.25 61
210.25 73
210.5 ~73
210.5 ~61
210.5 72
210.5 60
210.5 ~46
210.5 54
210.75 ~60
210.75 ~72
210.75 70
210.75 58
211.0 ~58
211.0 ~70
211.0 68
211.0 56
211.0 ~54
211.0 32
211.5 ~32
211.5 39
211.75 ~56
211.75 ~68
211.75 56
211.75 68
212.0 ~68
212.0 ~56
212.0 70
212.0 58
212.0 ~39
212.0 48
212.25 ~58
212.25 ~70
212.25 68
212.25 56
212.5 ~56
212.5 ~68
212.5 70
212.5 58
212.5 ~48
212.5 34
213.0 ~34
213.0 41
213.5 ~41
213.5 49
214.0 ~49
214.0 53
214.5 ~53
214.5 58
215.0 ~58
215.0 61
215.5 tempo=54
215.5 ~61
215.5 65
216.25 46
216.5 ~58
216.5 ~70
216.5 ~46
216.5 49
216.75 ~49
216.75 53
217.0 ~53
217.0 ~65
217.0 58
217.0 58
217.25 ~58
218.5 ~58
